{
    "MSE": 0.07102040816326535,
    "MAE": 0.23428571428571435,
    "R2": 0.704081632653061
}